#& crate slot channel sector layer component order
73  3 0 1 1 1 0 
73  3 1 1 1 1 1 
73  3 2 1 2 1 0 
73  3 3 1 2 1 1 
73  3 4 1 3 1 0 
73  3 5 1 3 1 1 
73  3 6 2 1 1 0 
73  3 7 2 1 1 1 
73  3 8 2 2 1 0 
73  3 9 2 2 1 1 
73  3 10 2 3 1 0 
73  3 11 2 3 1 1 
73  3 12 3 1 1 0 
73  3 13 3 1 1 1 
73  3 14 3 2 1 0 
73  3 15 3 2 1 1 
73  4 0 3 3 1 0 
73  4 1 3 3 1 1 
73  4 2 4 1 1 0 
73  4 3 4 1 1 1 
73  4 4 4 2 1 0 
73  4 5 4 2 1 1 
73  4 6 4 3 1 0 
73  4 7 4 3 1 1 
73  4 8 5 1 1 0 
73  4 9 5 1 1 1 
73  4 10 5 2 1 0 
73  4 11 5 2 1 1 
73  4 12 5 3 1 0 
73  4 13 5 3 1 1 
73  4 14 6 1 1 0 
73  4 15 6 1 1 1 
73  5 0 6 2 1 0 
73  5 1 6 2 1 1 
73  5 2 6 3 1 0 
73  5 3 6 3 1 1 
73  5 4 7 1 1 0 
73  5 5 7 1 1 1 
73  5 6 7 2 1 0 
73  5 7 7 2 1 1 
73  5 8 7 3 1 0 
73  5 9 7 3 1 1 
73  5 10 8 1 1 0 
73  5 11 8 1 1 1 
73  5 12 8 2 1 0 
73  5 13 8 2 1 1 
73  5 14 8 3 1 0 
73  5 15 8 3 1 1 
73  6 0 9 1 1 0 
73  6 1 9 1 1 1 
73  6 2 9 2 1 0 
73  6 3 9 2 1 1 
73  6 4 9 3 1 0 
73  6 5 9 3 1 1 
73  6 6 10 1 1 0 
73  6 7 10 1 1 1 
73  6 8 10 2 1 0 
73  6 9 10 2 1 1 
73  6 10 10 3 1 0 
73  6 11 10 3 1 1 
73  6 12 11 1 1 0 
73  6 13 11 1 1 1 
73  6 14 11 2 1 0 
73  6 15 11 2 1 1 
73  7 0 11 3 1 0 
73  7 1 11 3 1 1 
73  7 2 12 1 1 0 
73  7 3 12 1 1 1 
73  7 4 12 2 1 0 
73  7 5 12 2 1 1 
73  7 6 12 3 1 0 
73  7 7 12 3 1 1 
73  7 8 13 1 1 0 
73  7 9 13 1 1 1 
73  7 10 13 2 1 0 
73  7 11 13 2 1 1 
73  7 12 13 3 1 0 
73  7 13 13 3 1 1 
73  7 14 14 1 1 0 
73  7 15 14 1 1 1 
73  8 0 14 2 1 0 
73  8 1 14 2 1 1 
73  8 2 14 3 1 0 
73  8 3 14 3 1 1 
73  8 4 15 1 1 0 
73  8 5 15 1 1 1 
73  8 6 15 2 1 0 
73  8 7 15 2 1 1 
73  8 8 15 3 1 0 
73  8 9 15 3 1 1 
73  8 10 16 1 1 0 
73  8 11 16 1 1 1 
73  8 12 16 2 1 0 
73  8 13 16 2 1 1 
73  8 14 16 3 1 0 
73  8 15 16 3 1 1 
73  9 0 17 1 1 0 
73  9 1 17 1 1 1 
73  9 2 17 2 1 0 
73  9 3 17 2 1 1 
73  9 4 17 3 1 0 
73  9 5 17 3 1 1 
73  9 6 18 1 1 0 
73  9 7 18 1 1 1 
73  9 8 18 2 1 0 
73  9 9 18 2 1 1 
73  9 10 18 3 1 0 
73  9 11 18 3 1 1 
73  9 12 19 1 1 0 
73  9 13 19 1 1 1 
73  9 14 19 2 1 0 
73  9 15 19 2 1 1 
73  10 0 19 3 1 0 
73  10 1 19 3 1 1 
73  10 2 20 1 1 0 
73  10 3 20 1 1 1 
73  10 4 20 2 1 0 
73  10 5 20 2 1 1 
73  10 6 20 3 1 0 
73  10 7 20 3 1 1 
73  10 8 21 1 1 0 
73  10 9 21 1 1 1 
73  10 10 21 2 1 0 
73  10 11 21 2 1 1 
73  10 12 21 3 1 0 
73  10 13 21 3 1 1 
73  10 14 22 1 1 0 
73  10 15 22 1 1 1 
73  13 0 22 2 1 0 
73  13 1 22 2 1 1 
73  13 2 22 3 1 0 
73  13 3 22 3 1 1 
73  13 4 23 1 1 0 
73  13 5 23 1 1 1 
73  13 6 23 2 1 0 
73  13 7 23 2 1 1 
73  13 8 23 3 1 0 
73  13 9 23 3 1 1 
73  13 10 24 1 1 0 
73  13 11 24 1 1 1 
73  13 12 24 2 1 0 
73  13 13 24 2 1 1 
73  13 14 24 3 1 0 
73  13 15 24 3 1 1 
73  15 0 1 1 1 2 
73  15 1 1 1 1 3 
73  15 2 1 2 1 2 
73  15 3 1 2 1 3 
73  15 4 1 3 1 2 
73  15 5 1 3 1 3 
73  15 6 2 1 1 2 
73  15 7 2 1 1 3 
73  15 8 2 2 1 2 
73  15 9 2 2 1 3 
73  15 10 2 3 1 2 
73  15 11 2 3 1 3 
73  15 12 3 1 1 2 
73  15 13 3 1 1 3 
73  15 14 3 2 1 2 
73  15 15 3 2 1 3 
73  15 16 3 3 1 2 
73  15 17 3 3 1 3 
73  15 18 4 1 1 2 
73  15 19 4 1 1 3 
73  15 20 4 2 1 2 
73  15 21 4 2 1 3 
73  15 22 4 3 1 2 
73  15 23 4 3 1 3 
73  15 24 5 1 1 2 
73  15 25 5 1 1 3 
73  15 26 5 2 1 2 
73  15 27 5 2 1 3 
73  15 28 5 3 1 2 
73  15 29 5 3 1 3 
73  15 30 6 1 1 2 
73  15 31 6 1 1 3 
73  16 0 6 2 1 2 
73  16 1 6 2 1 3 
73  16 2 6 3 1 2 
73  16 3 6 3 1 3 
73  16 4 7 1 1 2 
73  16 5 7 1 1 3 
73  16 6 7 2 1 2 
73  16 7 7 2 1 3 
73  16 8 7 3 1 2 
73  16 9 7 3 1 3 
73  16 10 8 1 1 2 
73  16 11 8 1 1 3 
73  16 12 8 2 1 2 
73  16 13 8 2 1 3 
73  16 14 8 3 1 2 
73  16 15 8 3 1 3 
73  16 16 9 1 1 2 
73  16 17 9 1 1 3 
73  16 18 9 2 1 2 
73  16 19 9 2 1 3 
73  16 20 9 3 1 2 
73  16 21 9 3 1 3 
73  16 22 10 1 1 2 
73  16 23 10 1 1 3 
73  16 24 10 2 1 2 
73  16 25 10 2 1 3 
73  16 26 10 3 1 2 
73  16 27 10 3 1 3 
73  16 28 11 1 1 2 
73  16 29 11 1 1 3 
73  16 30 11 2 1 2 
73  16 31 11 2 1 3 
73  17 0 11 3 1 2 
73  17 1 11 3 1 3 
73  17 2 12 1 1 2 
73  17 3 12 1 1 3 
73  17 4 12 2 1 2 
73  17 5 12 2 1 3 
73  17 6 12 3 1 2 
73  17 7 12 3 1 3 
73  17 8 13 1 1 2 
73  17 9 13 1 1 3 
73  17 10 13 2 1 2 
73  17 11 13 2 1 3 
73  17 12 13 3 1 2 
73  17 13 13 3 1 3 
73  17 14 14 1 1 2 
73  17 15 14 1 1 3 
73  17 16 14 2 1 2 
73  17 17 14 2 1 3 
73  17 18 14 3 1 2 
73  17 19 14 3 1 3 
73  17 20 15 1 1 2 
73  17 21 15 1 1 3 
73  17 22 15 2 1 2 
73  17 23 15 2 1 3 
73  17 24 15 3 1 2 
73  17 25 15 3 1 3 
73  17 26 16 1 1 2 
73  17 27 16 1 1 3 
73  17 28 16 2 1 2 
73  17 29 16 2 1 3 
73  17 30 16 3 1 2 
73  17 31 16 3 1 3 
73  18 0 17 1 1 2 
73  18 1 17 1 1 3 
73  18 2 17 2 1 2 
73  18 3 17 2 1 3 
73  18 4 17 3 1 2 
73  18 5 17 3 1 3 
73  18 6 18 1 1 2 
73  18 7 18 1 1 3 
73  18 8 18 2 1 2 
73  18 9 18 2 1 3 
73  18 10 18 3 1 2 
73  18 11 18 3 1 3 
73  18 12 19 1 1 2 
73  18 13 19 1 1 3 
73  18 14 19 2 1 2 
73  18 15 19 2 1 3 
73  18 16 19 3 1 2 
73  18 17 19 3 1 3 
73  18 18 20 1 1 2 
73  18 19 20 1 1 3 
73  18 20 20 2 1 2 
73  18 21 20 2 1 3 
73  18 22 20 3 1 2 
73  18 23 20 3 1 3 
73  18 24 21 1 1 2 
73  18 25 21 1 1 3 
73  18 26 21 2 1 2 
73  18 27 21 2 1 3 
73  18 28 21 3 1 2 
73  18 29 21 3 1 3 
73  18 30 22 1 1 2 
73  18 31 22 1 1 3 
73  19 0 22 2 1 2 
73  19 1 22 2 1 3 
73  19 2 22 3 1 2 
73  19 3 22 3 1 3 
73  19 4 23 1 1 2 
73  19 5 23 1 1 3 
73  19 6 23 2 1 2 
73  19 7 23 2 1 3 
73  19 8 23 3 1 2 
73  19 9 23 3 1 3 
73  19 10 24 1 1 2 
73  19 11 24 1 1 3 
73  19 12 24 2 1 2 
73  19 13 24 2 1 3 
73  19 14 24 3 1 2 
73  19 15 24 3 1 3 
