#meta full request: /daq/tt/fthodo:0:default:2016-03-24_08-57-25
#meta variation: default
#meta created: 2016-03-24 08:57:25
#meta run range: 0 - inf.
#meta author: anonymous

#

#& crate slot chan sector layer component order
72 3 0 2 1 1 0
72 3 1 1 1 5 0
72 3 2 8 1 8 0
72 3 3 8 1 4 0
72 3 4 8 1 2 0
72 3 5 8 1 3 0
72 3 6 6 1 1 0
72 3 7 6 1 9 0
72 3 8 6 2 1 0
72 3 9 6 2 9 0
72 3 10 8 2 2 0
72 3 11 8 2 3 0
72 3 12 8 2 8 0
72 3 13 8 2 4 0
72 3 14 2 2 1 0
72 3 15 1 2 5 0
72 4 0 5 1 2 0
72 4 1 6 1 8 0
72 4 2 8 1 7 0
72 4 3 8 1 6 0
72 4 4 8 1 10 0
72 4 5 1 1 6 0
72 4 6 2 1 2 0
72 4 7 2 1 5 0
72 4 8 6 2 8 0
72 4 9 5 2 2 0
72 4 10 8 2 6 0
72 4 11 8 2 7 0
72 4 12 1 2 6 0
72 4 13 8 2 10 0
72 4 14 2 2 5 0
72 4 15 2 2 2 0
72 5 0 7 1 4 0
72 5 1 7 1 7 0
72 5 2 7 1 2 0
72 5 3 8 1 1 0
72 5 4 1 1 2 0
72 5 5 2 1 9 0
72 5 6 1 1 3 0
72 5 7 1 1 1 0
72 5 8 7 2 7 0
72 5 9 7 2 4 0
72 5 10 8 2 1 0
72 5 11 7 2 2 0
72 5 12 1 2 2 0
72 5 13 1 2 1 0
72 5 14 1 2 3 0
72 5 15 2 2 9 0
72 6 0 7 1 5 0
72 6 1 7 1 3 0
72 6 2 7 1 1 0
72 6 3 8 1 5 0
72 6 4 1 1 4 0
72 6 5 8 1 9 0
72 6 6 1 1 7 0
72 6 7 2 1 6 0
72 6 8 2 2 6 0
72 6 9 1 2 4 0
72 6 10 8 2 5 0
72 6 11 1 2 7 0
72 6 12 8 2 9 0
72 6 13 7 2 5 0
72 6 14 7 2 3 0
72 6 15 7 2 1 0
72 7 0 6 1 11 0
72 7 1 6 1 17 0
72 7 2 6 1 18 0
72 7 3 7 1 8 0
72 7 4 8 1 12 0
72 7 5 2 1 15 0
72 7 6 2 1 16 0
72 7 7 2 1 10 0
72 7 8 2 2 15 0
72 7 9 2 2 16 0
72 7 10 2 2 10 0
72 7 11 8 2 12 0
72 7 12 7 2 8 0
72 7 13 6 2 17 0
72 7 14 6 2 18 0
72 7 15 6 2 11 0
72 8 0 8 1 13 0
72 8 1 7 1 9 0
72 8 2 1 1 8 0
72 8 3 8 1 20 0
72 8 4 1 1 9 0
72 8 5 8 1 11 0
72 8 6 2 1 14 0
72 8 7 2 1 13 0
72 8 8 1 2 9 0
72 8 9 8 2 20 0
72 8 10 1 2 8 0
72 8 11 2 2 13 0
72 8 12 2 2 14 0
72 8 13 7 2 9 0
72 8 14 8 2 13 0
72 8 15 8 2 11 0
72 9 0 8 1 16 0
72 9 1 8 1 17 0
72 9 2 6 1 7 0
72 9 3 6 1 20 0
72 9 4 6 1 19 0
72 9 5 8 1 14 0
72 9 6 8 1 15 0
72 9 7 6 1 3 0
72 9 8 8 2 17 0
72 9 9 8 2 16 0
72 9 10 6 2 7 0
72 9 11 8 2 15 0
72 9 12 8 2 14 0
72 9 13 6 2 19 0
72 9 14 6 2 20 0
72 9 15 6 2 3 0
72 10 0 8 1 19 0
72 10 1 8 1 18 0
72 10 2 4 1 15 0
72 10 3 4 1 14 0
72 10 4 4 1 16 0
72 10 5 4 1 17 0
72 10 6 4 1 19 0
72 10 7 4 1 18 0
72 10 8 8 2 18 0
72 10 9 8 2 19 0
72 10 10 4 2 15 0
72 10 11 4 2 14 0
72 10 12 4 2 17 0
72 10 13 4 2 16 0
72 10 14 4 2 19 0
72 10 15 4 2 18 0
72 13 0 6 1 13 0
72 13 1 6 1 14 0
72 13 2 6 1 10 0
72 13 3 6 1 2 0
72 13 4 6 1 6 0
72 13 5 3 1 8 0
72 13 6 4 1 13 0
72 13 7 3 1 9 0
72 13 8 3 2 8 0
72 13 9 4 2 13 0
72 13 10 3 2 9 0
72 13 11 6 2 10 0
72 13 12 6 2 6 0
72 13 13 6 2 14 0
72 13 14 6 2 13 0
72 13 15 6 2 2 0
72 14 0 5 1 9 0
72 14 1 4 1 20 0
72 14 2 4 1 9 0
72 14 3 2 1 17 0
72 14 4 2 1 18 0
72 14 5 4 1 10 0
72 14 6 2 1 20 0
72 14 7 2 1 19 0
72 14 8 2 2 18 0
72 14 9 2 2 17 0
72 14 10 4 2 9 0
72 14 11 2 2 20 0
72 14 12 2 2 19 0
72 14 13 4 2 10 0
72 14 14 4 2 20 0
72 14 15 5 2 9 0
72 15 0 2 1 11 0
72 15 1 3 1 5 0
72 15 2 4 1 12 0
72 15 3 6 1 16 0
72 15 4 6 1 15 0
72 15 5 5 1 8 0
72 15 6 5 1 1 0
72 15 7 5 1 3 0
72 15 8 2 2 11 0
72 15 9 3 2 5 0
72 15 10 4 2 12 0
72 15 11 6 2 15 0
72 15 12 6 2 16 0
72 15 13 5 2 8 0
72 15 14 5 2 1 0
72 15 15 5 2 3 0
72 16 0 2 1 7 0
72 16 1 2 1 12 0
72 16 2 3 1 6 0
72 16 3 3 1 4 0
72 16 4 4 1 8 0
72 16 5 5 1 6 0
72 16 6 5 1 5 0
72 16 7 5 1 7 0
72 16 8 2 2 12 0
72 16 9 2 2 7 0
72 16 10 3 2 4 0
72 16 11 3 2 6 0
72 16 12 5 2 6 0
72 16 13 4 2 8 0
72 16 14 5 2 7 0
72 16 15 5 2 5 0
72 17 0 2 1 3 0
72 17 1 2 1 8 0
72 17 2 3 1 2 0
72 17 3 3 1 3 0
72 17 4 3 1 1 0
72 17 5 4 1 4 0
72 17 6 4 1 6 0
72 17 7 5 1 4 0
72 17 8 2 2 3 0
72 17 9 3 2 3 0
72 17 10 3 2 1 0
72 17 11 3 2 2 0
72 17 12 4 2 6 0
72 17 13 4 2 4 0
72 17 14 5 2 4 0
72 17 15 6 2 5 0
72 18 0 6 1 5 0
72 18 1 6 1 4 0
72 18 2 4 1 2 0
72 18 3 7 1 6 0
72 18 4 4 1 7 0
72 18 5 4 1 5 0
72 18 6 3 1 7 0
72 18 7 4 1 11 0
72 18 8 6 2 4 0
72 18 9 7 2 6 0
72 18 10 4 2 7 0
72 18 11 4 2 2 0
72 18 12 4 2 5 0
72 18 13 4 2 11 0
72 18 14 2 2 8 0
72 18 15 3 2 7 0
72 19 1 2 1 4 0
72 19 3 4 1 1 0
72 19 4 4 1 3 0
72 19 6 6 1 12 0
72 19 9 2 2 4 0
72 19 11 4 2 1 0
72 19 12 4 2 3 0
72 19 14 6 2 12 0
