  3   1   0   1 
  3   1   1   2 
  3   1   2   3 
  3   0   0   4 
  3   0   1   5 
  3   0   2   6 
  3   7   0   7 
  3   7   2   8 
  3   3   0   9 
  3   3   1  10 
  3   3   2  11 
  3   2   0  12 
  3   2   2  13 
  3   6   0  14 
  3   6   1  15 
  3   6   2  16 
  3   5   0  17 
  3   5   2  18 
  3   4   0  19 
  3   4   1  20 
  3   4   2  21 
  3  10   0  22 
  3  10   1  23 
  3  10   2  24 
  3   9   0  25 
  3   9   1  26 
  3   9   2  27 
  3   8   0  28 
  3   8   1  29 
  3   8   2  30 
  3  15   0  31 
  3  15   2  32 
  3  14   0  33 
  3  14   1  34 
  3  14   2  35 
  3  13   0  36 
  3  13   1  37 
  3  13   2  38 
  3  12   0  39 
  3  12   2  40 
  3  19   0  41 
  3  19   1  42 
  3  19   2  43 
  3  18   0  44 
  3  18   1  45 
  3  18   2  46 
  3  17   0  47 
  3  17   1  48 
  3  17   2  49 
  3  16   0  50 
  3  16   2  51 
  3  23   0  52 
  3  23   1  53 
  3  23   2  54 
  3  22   0  55 
  3  22   1  56 
  3  22   2  57 
  3  21   0  58 
  3  21   1  59 
  3  21   2  60 
  3  20   0  61 
  3  20   1  62 
  3  20   2  63 
  3  27   0  64 
  3  27   2  65 
  3  26   0  66 
  3  26   1  67 
  3  26   2  68 
  3  25   0  69 
  3  25   1  70 
  3  25   2  71 
  3  24   0  72 
  3  24   1  73 
  3  24   2  74 
  4   8   0  75 
  4   8   2  76 
  3  31   0  77 
  3  31   1  78 
  3  31   2  79 
  3  30   0  80 
  3  30   1  81 
  3  30   2  82 
  3  29   0  83 
  3  29   1  84 
  3  29   2  85 
  3  28   0  86 
  3  28   1  87 
  3  28   2  88 
  4   9   0  89 
  4   9   2  90 
  4   3   0  91 
  4   3   1  92 
  4   3   2  93 
  4   2   0  94 
  4   2   1  95 
  4   2   2  96 
  4   1   0  97 
  4   1   1  98 
  4   1   2  99 
  4   0   0 100 
  4   0   1 101 
  4   0   2 102 
  4  10   0 103 
  4  10   1 104 
  4  10   2 105 
  4   7   0 106 
  4   7   2 107 
  4   6   0 108 
  4   6   1 109 
  4   6   2 110 
  4   5   0 111 
  4   5   1 112 
  4   5   2 113 
  4   4   0 114 
  4   4   1 115 
  4   4   2 116 
  4  11   0 117 
  4  11   1 118 
  4  11   2 119 
  4  24   0 120 
  4  24   2 121 
  4  15   0 122 
  4  15   1 123 
  4  15   2 124 
  4  14   0 125 
  4  14   1 126 
  4  14   2 127 
  4  13   0 128 
  4  13   1 129 
  4  13   2 130 
  4  12   0 131 
  4  12   1 132 
  4  12   2 133 
  4  28   0 134 
  4  28   1 135 
  4  28   2 136 
  4  25   0 137 
  4  25   2 138 
  4  19   0 139 
  4  19   1 140 
  4  19   2 141 
  4  18   0 142 
  4  18   1 143 
  4  18   2 144 
  4  17   0 145 
  4  17   1 146 
  4  17   2 147 
  4  16   0 148 
  4  16   1 149 
  4  16   2 150 
  4  29   0 151 
  4  29   1 152 
  4  29   2 153 
  4  26   0 154 
  4  26   1 155 
  4  26   2 156 
  4  23   0 157 
  4  23   2 158 
  4  22   0 159 
  4  22   1 160 
  4  22   2 161 
  4  21   0 162 
  4  21   1 163 
  4  21   2 164 
  4  20   0 165 
  4  20   1 166 
  4  20   2 167 
  4  30   0 168 
  4  30   1 169 
  4  30   2 170 
  4  31   0 171 
  4  31   1 172 
  4  31   2 173 
  4  27   0 174 
  4  27   2 175 
  5   3   0 176 
  5   3   1 177 
  5   3   2 178 
  5   2   0 179 
  5   2   1 180 
  5   2   2 181 
  5   1   0 182 
  5   1   1 183 
  5   1   2 184 
  5   0   0 185 
  5   0   1 186 
  5   0   2 187 
  5   6   0 188 
  5   6   1 189 
  5   6   2 190 
  5   5   0 191 
  5   5   1 192 
  5   5   2 193 
  5   4   0 194 
  5   4   2 195 
  5  11   0 196 
  5  11   1 197 
  5  11   2 198 
  5  10   0 199 
  5  10   1 200 
  5  10   2 201 
  5   9   0 202 
  5   9   1 203 
  5   9   2 204 
  5   8   0 205 
  5   8   1 206 
  5   8   2 207 
  5  14   0 208 
  5  14   1 209 
  5  14   2 210 
  5  13   0 211 
  5  13   1 212 
  5  13   2 213 
  5  12   0 214 
  5  12   1 215 
  5  12   2 216 
  5  19   0 217 
  5  19   2 218 
  5  18   0 219 
  5  18   1 220 
  5  18   2 221 
  5  17   0 222 
  5  17   1 223 
  5  17   2 224 
  5  16   0 225 
  5  16   1 226 
  5  16   2 227 
  5  23   0 228 
  5  23   1 229 
  5  23   2 230 
  5  22   0 231 
  5  22   1 232 
  5  22   2 233 
  5  21   0 234 
  5  21   1 235 
  5  21   2 236 
  5  20   0 237 
  5  20   2 238 
  5  27   0 239 
  5  27   1 240 
  5  27   2 241 
  5  26   0 242 
  5  26   1 243 
  5  26   2 244 
  5  25   0 245 
  5  25   1 246 
  5  25   2 247 
  5  24   0 248 
  5  24   1 249 
  5  24   2 250 
  5  31   0 251 
  5  31   1 252 
  5  31   2 253 
  5  30   0 254 
  5  30   1 255 
  5  30   2 256 
  5  29   0 257 
  5  29   1 258 
  5  29   2 259 
  5  28   0 260 
  5  28   2 261 
  6   3   0 262 
  6   3   1 263 
  6   3   2 264 
  6   2   0 265 
  6   2   1 266 
  6   2   2 267 
  6   1   0 268 
  6   1   1 269 
  6   1   2 270 
  6   0   0 271 
  6   0   1 272 
  6   0   2 273 
  6   7   0 274 
  6   7   1 275 
  6   7   2 276 
  6   6   0 277 
  6   6   1 278 
  6   6   2 279 
  6   5   0 280 
  6   5   1 281 
  6   5   2 282 
  6   4   0 283 
  6   4   1 284 
  6   4   2 285 
  6  11   0 286 
  6  11   2 287 
  6  10   0 288 
  6  10   1 289 
  6  10   2 290 
  6   9   0 291 
  6   9   1 292 
  6   9   2 293 
  6   8   0 294 
  6   8   1 295 
  6   8   2 296 
  6  15   0 297 
  6  15   1 298 
  6  15   2 299 
  6  14   0 300 
  6  14   1 301 
  6  14   2 302 
  6  13   0 303 
  6  13   1 304 
  6  13   2 305 
  6  12   0 306 
  6  12   1 307 
  6  12   2 308 
  7   8   0 309 
  7   8   2 310 
  6  19   0 311 
  6  19   1 312 
  6  19   2 313 
  6  18   0 314 
  6  18   1 315 
  6  18   2 316 
  6  17   0 317 
  6  17   1 318 
  6  17   2 319 
  6  16   0 320 
  6  16   1 321 
  6  16   2 322 
  6  23   0 323 
  6  23   1 324 
  6  23   2 325 
  6  22   0 326 
  6  22   1 327 
  6  22   2 328 
  6  21   0 329 
  6  21   1 330 
  6  21   2 331 
  6  20   0 332 
  6  20   1 333 
  6  20   2 334 
  7   9   0 335 
  7   9   2 336 
  6  27   0 337 
  6  27   1 338 
  6  27   2 339 
  6  26   0 340 
  6  26   1 341 
  6  26   2 342 
  6  25   0 343 
  6  25   1 344 
  6  25   2 345 
  6  24   0 346 
  6  24   1 347 
  6  24   2 348 
  6  31   0 349 
  6  31   1 350 
  6  31   2 351 
  6  30   0 352 
  6  30   1 353 
  6  30   2 354 
  6  29   0 355 
  6  29   1 356 
  6  29   2 357 
  6  28   0 358 
  6  28   1 359 
  6  28   2 360 
  7  12   0 361 
  7  12   1 362 
  7  12   2 363 
  7   3   0 364 
  7   3   2 365 
  7   2   0 366 
  7   2   1 367 
  7   2   2 368 
  7   1   0 369 
  7   1   1 370 
  7   1   2 371 
  7   0   0 372 
  7   0   1 373 
  7   0   2 374 
  7   7   0 375 
  7   7   1 376 
  7   7   2 377 
  7   6   0 378 
  7   6   1 379 
  7   6   2 380 
  7   5   0 381 
  7   5   1 382 
  7   5   2 383 
  7   4   0 384 
  7   4   1 385 
  7   4   2 386 
  7  14   0 387 
  7  14   1 388 
  7  14   2 389 
  7  13   0 390 
  7  13   2 391 
