SLOT FIBER CABLE MAROC PMT_POSITION TILE ADAPTER FPGA LOAD
 3     1   3_0_1   3  [  1,  2,  3]   1   A000    000  00A 
 3     0   3_0_0   3  [  4,  5,  6]   2   A000    000  00A
 3     7   3_1_3   2  [  7,  0,  8]   3   A000    000  00A
 3     3   3_0_3   3  [  9, 10, 11]   4   A000    000  00A
 3     2   3_0_2   2  [ 12,  0, 13]   5   A000    000  00A 
 3     6   3_1_2   3  [ 14, 15, 16]   6   A000    000  00A
 3     5   3_1_1   2  [ 17,  0, 18]   7   A000    000  00A
 3     4   3_1_0   3  [ 19, 20, 21]   8   A000    000  00A
 3    10   3_2_2   3  [ 22, 23, 24]   9   A000    000  00A
 3     9   3_2_1   3  [ 25, 26, 27]  10   A000    000  00A
 3     8   3_2_0   3  [ 28, 29, 30]  11   A000    000  00A 
 3    15   3_3_3   2  [ 31,  0, 32]  12   A000    000  00A
 3    14   3_3_2   3  [ 33, 34, 35]  13   A000    000  00A
 3    13   3_3_1   3  [ 36, 37, 38]  14   A000    000  00A
 3    12   3_3_0   2  [ 39,  0, 40]  15   A000    000  00A
 3    19   3_4_3   3  [ 41, 42, 43]  16   A000    000  00A
 4    30   4_7_2   3  [ 44, 45, 46]  17   A009    000  15B
 4    31   4_7_3   3  [ 47, 48, 49]  18   A086    000  25T
 3    16   3_4_0   2  [ 50,  0, 51]  19   A000    000  00A
 3    23   3_5_3   3  [ 52, 53, 54]  20   A000    000  00A
 3    22   3_5_2   3  [ 55, 56, 57]  21   A000    000  00A
 3    21   3_5_1   3  [ 58, 59, 60]  22   A000    000  00A
 3    20   3_5_0   3  [ 61, 62, 63]  23   A000    000  00A
 3    27   3_6_3   2  [ 64,  0, 65]  24   A000    000  00A
 4     2   4_0_2   3  [ 66, 67, 68]  25   A093    118  76B
 4     1   4_0_1   3  [ 69, 70, 71]  26   A050    066  27B
 4     0   4_0_0   3  [ 72, 73, 74]  27   A068    030  04B
 3    17   3_4_1   2  [ 75,  0, 76]  28   A000    000  00A
 3    31   3_7_3   3  [ 77, 78, 79]  29   A000    000  00A
 4     5   4_1_1   3  [ 80, 81, 82]  30   A036    052  28T
 4     4   4_1_0   3  [ 83, 84, 85]  31   A037    020  28B
 4     3   4_0_3   3  [ 86, 87, 88]  32   A051    037  27T
 3    18   3_4_2   2  [ 89,  0, 90]  33   A000    000  00A
 3    24   3_6_0   3  [ 91, 92, 93]  34   A000    000  00A
 4     8   4_2_0   3  [ 94, 95, 96]  35   A083    064  81T
 4     7   4_1_3   3  [ 97, 98, 99]  36   A035    060  30B
 4     6   4_1_2   3  [100,101,102]  37   A079    015  31T
 3    25   3_6_1   3  [103,104,105]  38   A000    000  00A
 3    26   3_6_2   2  [106,  0,107]  39   A000    000  00A
 4    12   4_3_0   3  [108,109,110]  40   A080    054  31B
 4    11   4_2_3   3  [111,112,113]  41   A049    065  32T
 4    10   4_2_2   3  [114,115,116]  42   A082    048  32B
 4     9   4_2_1   3  [117,118,119]  43   A042    043  30T
 3    28   3_7_0   2  [120,  0,121]  44   A000    000  00A
 3    29   3_7_1   3  [122,123,124]  45   A000    000  00A
 4    16   4_4_0   3  [125,126,127]  46   A031    029  35B
 4    15   4_3_3   3  [128,129,130]  47   A033    101  82T
 4    14   4_3_2   3  [131,132,133]  48   A085    092  82B
 4    13   4_3_1   3  [134,135,136]  49   A076    081  33T
 3    30   3_7_2   2  [137,  0,138]  50   A000    000  00A
 5     9   5_2_1   3  [139,140,141]  51   A000    000  00A
 4    20   4_5_0   3  [142,143,144]  52   A044    137  37T
 4    19   4_4_3   3  [145,146,147]  53   A045    122  37B
 4    18   4_4_2   3  [148,149,150]  54   A097    130  67T
 4    17   4_4_1   3  [151,152,153]  55   A032    138  35T
 5     0   5_0_0   3  [154,155,156]  56   A000    000  00A 
 5     1   5_0_1   2  [157,  0,158]  57   A000    000  00A
 5    14   5_3_2   3  [159,160,161]  58   A000    000  00A
 4    23   4_5_3   3  [162,163,164]  59   A094    112  76T
 4    22   4_5_2   3  [165,166,167]  60   A038    136  38T
 4    21   4_5_1   3  [168,169,170]  61   A071    076  83B
 5     6   5_1_2   3  [171,172,173]  62   A000    000  00A
 5     8   5_2_0   2  [174,  0,175]  63   A000    000  00A
 5     3   5_0_3   3  [176,177,178]  64   A000    000  00A
 5     2   5_0_2   3  [179,180,181]  65   A000    000  00A
 4    26   4_6_2   3  [182,183,184]  66   A098    083  41T 
 4    25   4_6_1   3  [185,186,187]  67   A119    140  40T
 4    24   4_6_0   3  [188,189,190]  68   A120    021  40B
 5     5   5_1_1   3  [191,192,193]  69   A000    000  00A
 5     4   5_1_0   2  [194,  0,195]  70   A000    000  00A
 5    11   5_2_3   3  [196,197,198]  71   A000    000  00A
 5    10   5_2_2   3  [199,200,201]  72   A000    000  00A
 4    29   4_7_1   3  [202,203,204]  73   A061    150  67B
 4    28   4_7_0   3  [205,206,207]  74   A101    035  44B
 4    27   4_6_3   3  [208,209,210]  75   A040    011  42T
 5    13   5_3_1   3  [211,212,213]  76   A000    000  00A
 5    12   5_3_0   3  [214,215,216]  77   A000    000  00A
 5    19   5_4_3   2  [217,  0,218]  78   A000    000  00A
 5    18   5_4_2   3  [219,220,221]  79   A000    000  00A
 5    17   5_4_1   3  [222,223,224]  80   A000    000  00A
 5    16   5_4_0   3  [225,226,227]  81   A000    000  00A
 5    23   5_5_3   3  [228,229,230]  82   A000    000  00A
 5    22   5_5_2   3  [231,232,233]  83   A000    000  00A
 5    21   5_5_1   3  [234,235,236]  84   A000    000  00A
 5    20   5_5_0   2  [237,  0,238]  85   A000    000  00A
 5    27   5_6_3   3  [239,240,241]  86   A000    000  00A
 5    26   5_6_2   3  [242,243,244]  87   A000    000  00A
 5    25   5_6_1   3  [245,246,247]  88   A000    000  00A
 5    24   5_6_0   3  [248,249,250]  89   A000    000  00A
 5    31   5_7_3   3  [251,252,253]  90   A000    000  00A
 5    30   5_7_2   3  [254,255,256]  91   A000    000  00A
 5    29   5_7_1   3  [257,258,259]  92   A000    000  00A
 5    28   5_7_0   2  [260,  0,261]  93   A000    000  00A
 6     3   6_0_3   3  [262,263,264]  94   A000    000  00A
 6     2   6_0_2   3  [265,266,267]  95   A000    000  00A
 6     1   6_0_1   3  [268,269,270]  96   A000    000  00A
 6     0   6_0_0   3  [271,272,273]  97   A000    000  00A
 6     7   6_1_3   3  [274,275,276]  98   A000    000  00A
 6     6   6_1_2   3  [277,278,279]  99   A000    000  00A
 6     5   6_1_1   3  [280,281,282] 100   A000    000  00A
 6     4   6_1_0   3  [283,284,285] 101   A000    000  00A
 6    11   6_2_3   2  [286,  0,287] 102   A000    000  00A
 6    10   6_2_2   3  [288,289,290] 103   A000    000  00A
 6     9   6_2_1   3  [291,292,293] 104   A000    000  00A
 6     8   6_2_0   3  [294,295,296] 105   A000    000  00A
 6    15   6_3_3   3  [297,298,299] 106   A000    000  00A
 6    14   6_3_2   3  [300,301,302] 107   A000    000  00A
 6    13   6_3_1   3  [303,304,305] 108   A000    000  00A
 6    12   6_3_0   3  [306,307,308] 109   A000    000  00A
 7     8   7_2_0   2  [309,  0,310] 110   A000    000  00A
 6    19   6_4_3   3  [311,312,313] 111   A000    000  00A
 6    18   6_4_2   3  [314,315,316] 112   A000    000  00A
 6    17   6_4_1   3  [317,318,319] 113   A000    000  00A
 6    16   6_4_0   3  [320,321,322] 114   A000    000  00A
 6    23   6_5_3   3  [323,324,325] 115   A000    000  00A
 6    22   6_5_2   3  [326,327,328] 116   A000    000  00A
 6    21   6_5_1   3  [329,330,331] 117   A000    000  00A
 6    20   6_5_0   3  [332,333,334] 118   A000    000  00A
 7     9   7_2_1   2  [335,  0,336] 119   A000    000  00A
 6    27   6_6_3   3  [337,338,339] 120   A000    000  00A
 6    26   6_6_2   3  [340,341,342] 121   A000    000  00A
 6    25   6_6_1   3  [343,344,345] 122   A000    000  00A
 6    24   6_6_0   3  [346,347,348] 123   A000    000  00A
 6    31   6_7_3   3  [349,350,351] 124   A000    000  00A
 6    30   6_7_2   3  [352,353,354] 125   A000    000  00A
 6    29   6_7_1   3  [355,356,357] 126   A000    000  00A
 6    28   6_7_0   3  [358,359,360] 127   A000    000  00A
 7    12   7_3_0   3  [361,362,363] 128   A000    000  00A
 7     3   7_0_3   2  [364,  0,365] 129   A000    000  00A
 7     2   7_0_2   3  [366,367,368] 130   A000    000  00A
 7     1   7_0_1   3  [369,370,371] 131   A000    000  00A
 7     0   7_0_0   3  [372,373,374] 132   A000    000  00A
 7     7   7_1_3   3  [375,376,377] 133   A000    000  00A
 7     6   7_1_2   3  [378,379,380] 134   A000    000  00A
 7     5   7_1_1   3  [381,382,383] 135   A000    000  00A
 7     4   7_1_0   3  [384,385,386] 136   A000    000  00A
 7    14   7_3_2   3  [387,388,389] 137   A000    000  00A
 7    13   7_3_1   2  [390,  0,391] 138   A000    000  00A
 3    11   3_2_3 spare 
 5     7   5_1_3 spare 
 5    15   5_3_3 spare 
 7    10   7_2_2 spare 
 7    11   7_2_3 spare 
 7    15   7_3_3 spare 
 7    16 NOT used
 7    17 NOT used
 7    18 NOT used
 7    19 NOT used
 7    20 NOT used
 7    21 NOT used
 7    22 NOT used
 7    23 NOT used
 7    24 NOT used
 7    25 NOT used
 7    26 NOT used
 7    27 NOT used
 7    28 NOT used
 7    29 NOT used
 7    30 NOT used
 7    31 NOT used
