SLOT FIBER CABLE MAROC PMT_POSITION TILE
 3     1   3_0_1   3  [  1,  2,  3]   1
 3     0   3_0_0   3  [  4,  5,  6]   2 
 3     7   3_1_3   2  [  7,  0,  8]   3
 3     3   3_0_3   3  [  9, 10, 11]   4
 3     2   3_0_2   2  [ 12,  0, 13]   5 
 3     6   3_1_2   3  [ 14, 15, 16]   6
 3     5   3_1_1   2  [ 17,  0, 18]   7
 3     4   3_1_0   3  [ 19, 20, 21]   8
 3    10   3_2_2   3  [ 22, 23, 24]   9
 3     9   3_2_1   3  [ 25, 26, 27]  10
 3     8   3_2_0   3  [ 28, 29, 30]  11 
 3    15   3_3_3   2  [ 31,  0, 32]  12
 3    14   3_3_2   3  [ 33, 34, 35]  13
 3    13   3_3_1   3  [ 36, 37, 38]  14
 3    12   3_3_0   2  [ 39,  0, 40]  15
 3    19   3_4_3   3  [ 41, 42, 43]  16
 3    18   3_4_2   3  [ 44, 45, 46]  17
 3    17   3_4_1   3  [ 47, 48, 49]  18
 3    16   3_4_0   2  [ 50,  0, 51]  19
 3    23   3_5_3   3  [ 52, 53, 54]  20
 3    22   3_5_2   3  [ 55, 56, 57]  21
 3    21   3_5_1   3  [ 58, 59, 60]  22
 3    20   3_5_0   3  [ 61, 62, 63]  23
 3    27   3_6_3   2  [ 64,  0, 65]  24
 3    26   3_6_2   3  [ 66, 67, 68]  25
 3    25   3_6_1   3  [ 69, 70, 71]  26
 3    24   3_6_0   3  [ 72, 73, 74]  27
 4     8   4_2_0   2  [ 75,  0, 76]  28
 3    31   3_7_3   3  [ 77, 78, 79]  29
 3    30   3_7_2   3  [ 80, 81, 82]  30
 3    29   3_7_1   3  [ 83, 84, 85]  31
 3    28   3_7_0   3  [ 86, 87, 88]  32
 4     9   4_2_1   2  [ 89,  0, 90]  33
 4     3   4_0_3   3  [ 91, 92, 93]  34
 4     2   4_0_2   3  [ 94, 95, 96]  35
 4     1   4_0_1   3  [ 97, 98, 99]  36
 4     0   4_0_0   3  [100,101,102]  37
 4    10   4_2_2   3  [103,104,105]  38
 4     7   4_1_3   2  [106,  0,107]  39
 4     6   4_1_2   3  [108,109,110]  40
 4     5   4_1_1   3  [111,112,113]  41
 4     4   4_1_0   3  [114,115,116]  42
 4    11   4_2_3   3  [117,118,119]  43
 4    24   4_6_0   2  [120,  0,121]  44
 4    15   4_3_3   3  [122,123,124]  45
 4    14   4_3_2   3  [125,126,127]  46
 4    13   4_3_1   3  [128,129,130]  47
 4    12   4_3_0   3  [131,132,133]  48
 4    28   4_7_0   3  [134,135,136]  49
 4    25   4_6_1   2  [137,  0,138]  50
 4    19   4_4_3   3  [139,140,141]  51
 4    18   4_4_2   3  [142,143,144]  52
# 4    17   4_4_1   3  [145,146,147]  53
# 4    17   4_4_1   not working
 4    16   4_4_0   3  [148,149,150]  54
 4    29   4_7_1   3  [151,152,153]  55
 4    26   4_6_2   3  [154,155,156]  56
 4    23   4_5_3   2  [157,  0,158]  57
 4    22   4_5_2   3  [159,160,161]  58
 4    21   4_5_1   3  [162,163,164]  59
 4    20   4_5_0   3  [165,166,167]  60
 4    31   4_7_3   3  [168,169,170]  61
 4    30   4_7_2   3  [171,172,173]  62
 4    27   4_6_3   2  [174,  0,175]  63
 5     3   5_0_3   3  [176,177,178]  64
 5     2   5_0_2   3  [179,180,181]  65
 5     1   5_0_1   3  [182,183,184]  66
 5     0   5_0_0   3  [185,186,187]  67
 5     6   5_1_2   3  [188,189,190]  68
 5     5   5_1_1   3  [191,192,193]  69
 5     4   5_1_0   2  [194,  0,195]  70
 5    11   5_2_3   3  [196,197,198]  71
 5    10   5_2_2   3  [199,200,201]  72
 5     9   5_2_1   3  [202,203,204]  73
 5     8   5_2_0   3  [205,206,207]  74
 5    14   5_3_2   3  [208,209,210]  75
 5    13   5_3_1   3  [211,212,213]  76
 5    12   5_3_0   3  [214,215,216]  77
 5    19   5_4_3   2  [217,  0,218]  78
 5    18   5_4_2   3  [219,220,221]  79
 5    17   5_4_1   3  [222,223,224]  80
 5    16   5_4_0   3  [225,226,227]  81
 5    23   5_5_3   3  [228,229,230]  82
 5    22   5_5_2   3  [231,232,233]  83
 5    21   5_5_1   3  [234,235,236]  84
 5    20   5_5_0   2  [237,  0,238]  85
 5    27   5_6_3   3  [239,240,241]  86
 5    26   5_6_2   3  [242,243,244]  87
 5    25   5_6_1   3  [245,246,247]  88
 5    24   5_6_0   3  [248,249,250]  89
 5    31   5_7_3   3  [251,252,253]  90
 5    30   5_7_2   3  [254,255,256]  91
 5    29   5_7_1   3  [257,258,259]  92
 5    28   5_7_0   2  [260,  0,261]  93
 6     3   6_0_3   3  [262,263,264]  94
 6     2   6_0_2   3  [265,266,267]  95
 6     1   6_0_1   3  [268,269,270]  96
 6     0   6_0_0   3  [271,272,273]  97
 6     7   6_1_3   3  [274,275,276]  98
 6     6   6_1_2   3  [277,278,279]  99
 6     5   6_1_1   3  [280,281,282] 100
 6     4   6_1_0   3  [283,284,285] 101
 6    11   6_2_3   2  [286,  0,287] 102
 6    10   6_2_2   3  [288,289,290] 103
 6     9   6_2_1   3  [291,292,293] 104
 6     8   6_2_0   3  [294,295,296] 105
 6    15   6_3_3   3  [297,298,299] 106
 6    14   6_3_2   3  [300,301,302] 107
 6    13   6_3_1   3  [303,304,305] 108
 6    12   6_3_0   3  [306,307,308] 109
 7     8   7_2_0   2  [309,  0,310] 110
 6    19   6_4_3   3  [311,312,313] 111
 6    18   6_4_2   3  [314,315,316] 112
 6    17   6_4_1   3  [317,318,319] 113
 6    16   6_4_0   3  [320,321,322] 114
 6    23   6_5_3   3  [323,324,325] 115
 6    22   6_5_2   3  [326,327,328] 116
 6    21   6_5_1   3  [329,330,331] 117
 6    20   6_5_0   3  [332,333,334] 118
 7     9   7_2_1   2  [335,  0,336] 119
 6    27   6_6_3   3  [337,338,339] 120
 6    26   6_6_2   3  [340,341,342] 121
# 6    25   6_6_1   3  [343,344,345] 122
# 6    25   6_6_1   not working - trunk has bad fiber
 6    24   6_6_0   3  [346,347,348] 123
 6    31   6_7_3   3  [349,350,351] 124
 6    30   6_7_2   3  [352,353,354] 125
 6    29   6_7_1   3  [355,356,357] 126
 6    28   6_7_0   3  [358,359,360] 127
 7    12   7_3_0   3  [361,362,363] 128
 7     3   7_0_3   2  [364,  0,365] 129
 7     2   7_0_2   3  [366,367,368] 130
 7     1   7_0_1   3  [369,370,371] 131
 7     0   7_0_0   3  [372,373,374] 132
 7     7   7_1_3   3  [375,376,377] 133
 7     6   7_1_2   3  [378,379,380] 134
 7     5   7_1_1   3  [381,382,383] 135
 7     4   7_1_0   3  [384,385,386] 136
 7    14   7_3_2   3  [387,388,389] 137
 7    13   7_3_1   2  [390,  0,391] 138
 3    11   3_2_3 spare 
# 5     7   5_1_3 spare 
 5     7   5_1_3   3  [145,146,147] 53
 5    15   5_3_3 spare 
 7    10   7_2_2 spare 
# 7    11   7_2_3 spare 
 7    11   7_2_3   3  [343,344,345] 122
 7    15   7_3_3 spare 
 7    16 NOT used
 7    17 NOT used
 7    18 NOT used
 7    19 NOT used
 7    20 NOT used
 7    21 NOT used
 7    22 NOT used
 7    23 NOT used
 7    24 NOT used
 7    25 NOT used
 7    26 NOT used
 7    27 NOT used
 7    28 NOT used
 7    29 NOT used
 7    30 NOT used
 7    31 NOT used
