1     42 44 49 54
2     38 43 48 50
3     19 27 32 37
4     15 23 28 33
5     76 82 84 90
6     75 77 83 85
7     56 62 68 70
8     55 61 63 69
9     109 116 118 125
10     108 110 117 119
11     92 98 100 107
12     91 93 99 101
15    127 134 136 138
16    126 128 135 137
17    10 12 14 17
18     9 11 13 16
19     2 4 6 8
20     1 3 5 7
21     31 35 39 41
22     30 34 36 40
23     20 22 25 29
24     18 21 24 26
25     60 65 67 72
26     59 64 66 71
27     46 51 53 58
28     45 47 52 57
29     89 95 97 103
30     88 94 96 102
31     74 79 81 87
32     73 78 80 86
33     121 123 129 131
34     120 122 124 130
35     105 111 113 115
36     104 106 112 114
39     133
40     132
